Address                                  Keys
00                                               1000
01                                               1001
02                                               1020
03                                               2000
04                                               3000
05                                               1065
06                                               1165
07                                               1107
08                                               -1
0                                                9999
